
Tipo: S - Resultados:
8471066
7391909
6670969
1058917
1015226
1010947
1021386
839604
827193
828084
819263
819593
823734
821063
820843
821264
823483
829974
829683
824133
-----------------
Media: 1868416
Max: 8471066
Min: 819263
Desvio: 2389058.8010318205

Tipo: C - Resultados:
9182999
5072093
11543397
20081165
19559697
21743392
19236801
4743887
2479460
1642467
1639936
3691640
2445060
1692867
1496175
1999282
1612806
2950638
1859150
1358472
-----------------
Media: 6801569
Max: 21743392
Min: 1358472
Desvio: 7162743.332907937
