
Tipo: S - Resultados:
52856646
11056480
11016738
9178079
10854926
11062040
11041209
11037678
11042789
11253853
11120790
8767592
8731232
8743612
8743381
8720931
8722592
8721311
8741802
8732311
-----------------
Media: 12007299
Max: 52856646
Min: 8720931
Desvio: 9437285.399896361

Tipo: C - Resultados:
167568016
19786601
16835133
10803885
11055699
11063259
18120924
15929978
17610916
9886290
7876498
10661772
9359622
9693457
10687753
15261837
9727688
11552767
14259221
10649003
-----------------
Media: 20419515
Max: 167568016
Min: 7876498
Desvio: 3.392304001774102E7
