
Tipo: S - Resultados:
970276
194943
177143
159223
153332
142783
138852
137132
134472
136982
135583
139572
137012
152063
148312
149703
146822
149892
183833
150943
-----------------
Media: 191943
Max: 970276
Min: 134472
Desvio: 179293.1656643666

Tipo: C - Resultados:
2079553
1009056
1099958
1086558
1339322
886054
1012347
2162595
855214
765902
1004736
907335
723321
688652
896234
1570736
621100
676721
638450
667311
-----------------
Media: 1034557
Max: 2162595
Min: 621100
Desvio: 431443.11956485064
