
Tipo: S - Resultados:
2112574
1012997
992306
1015786
954866
953535
968386
977576
963935
971736
952486
949495
952746
959505
949605
981616
1006706
855084
1218270
460977
-----------------
Media: 1010509
Max: 2112574
Min: 460977
Desvio: 284137.2151099711

Tipo: C - Resultados:
4022296
1878590
3276403
1519565
1929081
1635266
2148975
3247513
2848516
1284021
1742588
2082143
5262546
1743698
3046720
8040640
2320478
1786949
3496927
1966642
-----------------
Media: 2763977
Max: 8040640
Min: 1284021
Desvio: 1549164.431805917
