
Tipo: S - Resultados:
22501795
6523475
6514066
6498405
6505355
6620088
2955418
1538055
1517564
1515795
1517864
1507005
1526725
1517714
1526675
1510544
1514954
1538775
1521475
1517864
-----------------
Media: 3894480
Max: 22501795
Min: 1507005
Desvio: 4770527.834954299

Tipo: C - Resultados:
90025298
50790423
3516967
4837829
5381417
10462380
6811330
5944086
3172342
3057829
4109537
3723020
5429048
5440059
5983967
6120899
4604155
4301370
6300362
4611105
-----------------
Media: 11731171
Max: 90025298
Min: 3057829
Desvio: 2.0580205385887E7
