
Tipo: S - Resultados:
138318832
96929950
79325866
79650240
79635310
79651201
79319795
79296175
79604380
79627610
79366176
79372286
79284854
79310765
79296205
79308715
79281244
79303435
79307845
79263214
-----------------
Media: 83222704
Max: 138318832
Min: 79263214
Desvio: 1.320389470103691E7

Tipo: C - Resultados:
633849851
39181775
50923955
42981597
41001274
39149985
41786677
33356820
35238511
36465971
39083294
36359109
41839898
40934523
46240299
43217901
38768998
38838850
39146034
45329855
-----------------
Media: 70184758
Max: 633849851
Min: 33356820
Desvio: 1.2937310503569593E8
